

4.66432 4.20891
3.60761 4.54842
4.07974 3.0655
3.67991 3.20434
4.63869 4.84232
3.7605 3.90327
3.79068 3.14217
4.4428 4.59926
5.09647 3.52573
3.59794 3.35598
4.84597 3.98193
4.69742 4.50563
4.97604 3.48027
4.23443 4.90678
4.58461 3.97812
3.54295 3.45392
4.46893 4.51708
4.06897 2.93634
4.04916 3.25995
2.96509 3.82019
3.81261 4.07064
3.67316 5.07054
3.64323 2.95731
2.84147 4.08011
4.54706 4.39515
3.35543 4.27404
5.15788 4.03691
4.39423 5.10032
3.63868 3.26557
3.40043 4.79239
2.93347 3.98692
4.64327 3.97187
4.74646 4.60202
4.20423 4.34668
3.36447 3.8482
3.73232 3.72856
4.74081 3.3063
3.1539 4.41045
4.09838 2.93239
4.50969 3.17767
3.65355 3.41249
3.90003 3.0117
3.07788 3.29111
3.46091 3.10208
4.41475 4.95524
3.05592 4.66644
4.44562 5.0298
4.63389 3.04225
3.55253 3.59629
3.03142 4.37377
2.85491 4.11997
4.78671 4.04245
3.18831 3.20305
4.11155 2.89577
4.56558 3.01107
3.77002 5.03796
4.65465 3.02896
4.05313 3.16265
4.30366 3.93908
3.44687 3.31327
4.24717 4.72394
3.91368 3.35988
5.10509 4.06783
4.29261 3.90683
5.1477 4.06655
3.83589 4.47224
4.94922 3.4736
4.39326 3.65562
3.41895 3.39101
4.38422 4.97702
4.34726 3.87644
2.93748 3.49848
2.93011 3.5357
3.82076 3.87206
3.16821 3.28853
4.37605 3.20997
3.46327 5.04654
3.5998 3.1077
4.69403 3.77857
5.21651 3.86648
3.54632 3.94863
3.67795 2.90006
5.13613 3.914
4.35145 2.96288
4.65276 3.20074
3.87718 4.11937
3.76439 3.42385
3.17251 4.35014
4.27367 3.21555
3.5167 3.91685
4.79553 4.23152
4.78011 4.84903
3.58382 4.37739
3.9626 4.36825
4.62698 4.99352
4.86758 3.69385
4.41109 3.75988
4.09924 5.09995
3.60915 5.15784
3.4702 3.77662
3.07846 4.08167
5.16035 3.93412
4.62892 4.06364
3.20922 3.88278
4.02845 3.34375
4.12575 3.46963
3.91808 3.86148
3.86681 3.58119
3.39393 4.82752
4.07773 5.13366
4.91723 4.31454
4.12591 3.57008
4.18816 3.58908
3.79463 4.63872
3.36817 4.84273
4.117 3.91528
3.26656 3.26716
3.16105 4.44527
4.26892 4.94357
4.02199 4.97087
4.83432 3.75281
3.7084 3.77916
4.65698 4.70265
3.12863 3.92577
4.5453 3.80731
3.62876 4.8393
3.30397 3.06818
3.87535 4.37768
3.08647 3.69144
3.53535 3.37975
3.19448 4.00368
4.3857 2.92242
3.96394 2.95459
4.7078 4.38607
3.95793 2.92267
4.02911 4.25437
4.44027 2.86417
4.55893 4.65901
3.87348 3.09266
4.77592 4.60637
3.34475 4.64441
2.91532 3.49006
4.81832 4.0052
4.27011 4.33155
4.72835 4.36175
4.84647 4.65929
3.95025 5.14797
4.12752 3.7156
3.51726 3.05067
4.85329 3.99445
4.68817 3.65875
3.53081 4.28181
5.12329 4.44354
4.23174 4.785
3.21076 3.95833
3.61478 4.44344
3.65895 3.23996
4.29561 4.50488
4.47654 5.09771
4.18843 2.92677
4.06891 4.86725
3.41732 4.53843
3.41818 3.18818
4.71127 3.71174
4.81935 4.09821
4.63463 4.18342
4.76377 4.12128
4.46507 4.34767
3.73188 4.11069
3.98342 3.87801
4.4112 2.9733
3.7472 4.69922
4.31345 3.49133
2.90366 4.40059
3.42337 3.68833
3.10152 4.7161
3.74289 3.99248
4.95482 4.58951
4.64809 3.75345
3.61671 4.90749
4.54179 3.0022
5.05787 3.5723
3.67313 3.55458
3.15482 3.22382
4.57302 3.5979
4.46077 4.51796
4.57696 4.23045
3.99983 5.19098
3.89447 4.24568
2.89956 4.4131
5.03273 3.6943
3.73706 4.14656
3.00964 3.32435
3.06137 3.96335
2.97312 3.63247
3.72184 5.09329
5.18544 4.26846
5.16659 3.63127
3.34815 3.33652
4.80188 3.76863
4.53369 4.68337
4.1075 3.21683
4.95879 3.64855
3.91457 2.87037
3.79074 4.66046
3.67573 4.56662
4.68262 3.2394
4.23297 3.78234
4.58483 3.64611
4.57549 4.47451
4.98736 4.63673
4.5312 4.51987
3.61848 4.03002
4.43732 3.83915
3.5026 3.22063
3.9137 2.83672
4.16123 4.33411
4.11549 4.81055
4.28286 3.73044
3.50806 3.05563
3.88737 3.25986
4.29372 3.21706
4.74647 3.85688
5.1061 4.1415
3.05831 3.34431
4.68372 3.72201
4.41236 4.12183
4.89965 3.77409
3.86795 3.36557
4.82665 3.31904
4.81496 4.15066
3.09109 3.46234
5.01566 3.32356
3.58892 3.51808
3.91458 4.58025
4.42969 4.3629
4.83195 3.38797
3.65782 4.14845
4.78284 3.11204
3.11741 3.25108
3.601 4.3553
3.2428 4.09347
4.0234 5.1881
3.13652 4.10018
4.62199 3.21096
4.83761 4.40019
4.3146 2.90935
4.10299 2.9484
4.45112 3.50454
4.45475 4.32244
3.22818 4.76057
3.421 4.78643
4.84082 4.59438
5.01039 3.68114
4.90686 3.53941
5.05081 4.42093
3.6603 3.68084
3.49956 4.55615
3.79496 4.16411
3.67511 3.7828
4.46239 4.82592
4.13827 4.06747
4.18349 3.59798
2.79404 3.80081
3.55039 3.09091
3.19809 3.27375
3.60348 5.08045
4.74637 4.43465
4.50239 3.86666
4.79817 3.10256
3.59192 4.97665
3.34476 4.08315
4.7043 3.61276
4.73846 4.13149
4.16153 4.2752
3.43569 3.11753
3.49645 5.00928
4.23377 4.9611
4.39111 3.63547
3.63048 3.38154
3.94572 3.49184
4.31889 3.38701
3.80208 4.82238
4.25589 3.46301
3.93898 4.0154
3.99582 5.08438
4.26901 3.69876
3.3879 4.50933
4.03019 3.65814
4.46219 3.29047
4.01634 4.66495
3.39206 4.4471
4.65204 4.39239
5.01966 4.12779
4.49272 4.32667
3.45118 4.93508
3.84036 5.1486
4.44383 4.13506
4.90402 4.13829
3.68001 4.98002
3.91097 4.45767
2.89379 4.13763
3.7759 4.41321
3.52262 3.30353
5.18452 4.21047
3.66253 4.02623
5.10746 4.30065
3.94988 4.52639
2.78912 4.10535
3.24148 4.62772
4.04085 5.17122
4.65326 4.87699
3.67894 3.62201
4.57733 4.83599
3.86991 4.48941
3.32976 4.7215
4.24562 2.80491
4.31242 4.90455
5.12272 3.64374
3.05318 4.36473
3.18163 4.74862
3.07067 3.5766
3.66523 3.97231
5.06767 3.74971
3.06411 4.34296
3.28352 4.3417
4.8984 3.19075
3.00275 3.76447
4.33352 4.6935
3.63289 5.12158
5.1203 3.90017
4.06175 3.90212
2.92906 4.09291
5.06012 3.58546
3.23881 3.44989
3.33004 4.80066
4.15914 4.98963
3.81678 3.67004
4.63398 3.30432
4.40871 4.21456
3.79187 4.8951
3.30149 3.56157
3.62056 4.981
4.95562 3.76945
3.67935 5.12611
3.75992 4.06983
4.2092 4.59672
4.78514 4.42945
3.97888 4.59437
4.94943 3.94144
4.06996 4.34872
3.09242 4.33227
4.59202 4.80119
5.01284 4.40778
3.85719 4.11935
3.33766 4.43596
4.71103 4.62891
3.00657 4.53628
4.29953 4.60756
3.64843 3.15928
5.04352 4.44994
3.89825 3.11495
3.78408 4.53282
3.60623 4.05225
4.07933 3.25354
3.04179 4.55449
3.9141 3.98565
4.47705 4.98063
4.42825 5.03314
4.03123 3.98841
4.64506 4.4288
4.40127 3.36391
3.08298 3.69303
4.15843 4.9786
3.40598 4.926
4.81874 4.17127
3.36514 3.13278
4.0477 3.28747
3.35902 3.80547
4.07779 3.97561
3.68669 3.8326
4.29924 3.90805
4.90838 3.78557
4.63353 4.82608
4.1977 4.88583
3.50846 4.06835
5.17896 3.83392
3.70983 2.93964
5.02025 3.63401
3.23878 3.92353
3.54316 4.17088
4.33409 4.66571
3.85754 4.6295
4.1727 3.70033
3.19615 4.88373
3.46448 5.02746
4.42278 2.98248
4.69746 3.31496
3.51426 4.47219
5.10459 3.97189
3.97693 7.17312
4.37237 5.92301
4.65945 6.65751
4.37069 7.00502
4.00084 5.98038
3.95305 6.88792
3.74572 7.09721
4.57641 6.4175
4.30297 6.53232
4.47346 6.78702
4.09733 6.71563
3.41603 6.57088
3.93116 6.5571
3.41639 6.80611
3.50553 6.96882
3.55867 6.15588
4.49552 6.05391
4.11083 6.62405
4.13506 5.99031
3.98986 7.03648
4.27857 6.00355
4.2369 6.42632
3.61804 6.21582
3.99882 6.09933
4.02853 6.08707
4.1475 6.46222
4.38776 6.838
3.82363 6.34694
4.1247 6.77177
3.90769 6.29763
3.60835 6.33684
3.60008 6.25895
3.55307 6.42781
4.01221 7.04188
4.034 6.36921
3.91537 6.10294
4.06976 6.95627
4.02511 6.79952
4.16531 6.75763
3.69284 6.76325
3.62476 6.44449
3.41442 6.4609
4.16351 6.17586
3.3966 6.25301
4.24121 6.73148
4.11819 7.14253
4.09885 6.71344
4.34556 6.46601
3.9835 5.91672
3.96746 6.18423
4.14606 6.66662
4.66896 6.53893
3.39545 6.82541
4.01141 6.75985
3.65571 6.37945
4.22563 6.3086
3.85625 6.89953
4.34206 5.93251
3.75547 5.97377
3.61643 6.48457
3.86859 5.99627
3.47232 6.21176
4.26598 6.53947
4.0949 7.08784
3.40118 6.67005
4.16698 6.26334
4.23563 6.27152
4.47651 6.51987
3.58009 6.74176
4.51279 6.26451
3.59262 6.26315
3.78386 6.37242
3.71832 6.4103
4.30701 7.03386
3.34767 6.29356
3.43169 6.90968
4.299 6.01094
3.91628 5.92042
3.8848 6.71713
4.22927 7.16887
4.4824 6.54872
4.02205 6.22926
3.87987 7.00259
3.95498 6.41033
3.4139 6.75088
4.11115 7.19619
3.80374 6.57649
3.90211 7.09778
4.06886 6.711
4.67997 6.56169
3.85854 6.97703
3.42964 6.84919
4.44764 6.95359
4.03 5.82149
4.37541 5.97844
4.47366 6.49921
4.55111 6.19128
3.86277 7.17861
3.48098 6.70159
3.72482 6.49282
4.26203 6.51919
3.96232 6.08019
3.57146 6.62987
4.07661 7.10374
4.00577 7.11252
4.49608 6.86798
3.9743 6.31395
3.94954 6.61882
3.56551 6.74615
4.59587 6.69582
4.56372 6.78826
4.66246 6.39336
4.06821 6.73043
4.10002 6.29351
3.38571 6.44788
4.57291 6.42283
3.72877 6.64289
4.3992 6.96327
4.07727 6.3503
3.6878 5.94542
3.53243 6.44497
4.34069 6.63
4.4133 6.93673
4.10198 6.03138
4.55276 6.74445
3.8396 6.11494
3.40288 6.13441
3.49507 6.15723
3.77204 6.21341
4.46278 6.59031
3.93533 6.77078
3.84693 5.93993
3.71375 6.99037
3.67378 6.86045
4.42292 6.46064
3.42164 6.44878
4.32425 6.71642
4.18869 6.74884
4.31096 6.03477
4.36198 6.1983
4.29446 7.07626
3.94187 6.72018
4.10664 6.485
3.72078 6.1874
4.62101 6.71968
4.3507 5.93871
3.45041 6.9412
4.57452 6.81058
3.62423 6.64709
4.57815 6.2865
4.66648 6.59135
4.00923 6.03018
3.62053 6.41672
4.52689 6.66129
3.44132 6.30704
3.49488 6.78435
4.07084 5.87149
3.98818 5.85783
3.51197 6.19669
4.66947 6.45481
4.09535 6.60356
3.8957 6.78224
3.50285 6.65378
4.08072 6.38589
3.70448 6.68235
3.89873 6.57892
3.60441 6.65894
4.46058 6.7429
3.44248 6.28766
4.647 6.64589
4.10754 6.61548
3.76178 7.08274
3.81921 5.82563
4.15335 7.00737
3.77216 6.458
3.92287 7.06172
3.54117 6.58003
4.51103 6.94919
4.18309 6.90629
4.46023 6.9241
3.62359 6.42752
4.31 6.82753
4.18345 7.14471
4.00144 6.06632
4.39356 6.23157
4.42803 6.26947
3.97519 6.61138
3.80111 6.45219
4.19373 6.1997
4.0836 6.18728
4.30375 6.93086
3.70742 6.31825
4.1883 6.52271
3.72259 6.9179
3.84521 5.99391
3.4479 6.31318
4.5179 6.19459
3.41536 6.69686
3.70933 6.98765
3.82235 6.99552
4.41354 6.51821
4.32877 6.88684
4.37756 5.9245
3.97479 6.15497
4.33862 6.53446
4.02338 6.54627
3.31701 6.42033
4.04721 6.4485
3.86266 7.10448
3.75353 6.79126
3.73635 6.14823
3.87944 6.97939
4.02796 6.76729
3.83775 5.99267
4.10745 5.80646
4.34619 7.05174
3.29889 6.45909
3.72949 6.93229
4.46204 6.82547
4.06802 6.06183
4.23855 6.30314
3.67532 6.77496
4.4992 6.88996
4.59971 6.33972
3.80426 6.97135
4.55586 6.91795
3.81189 6.60608
4.37822 5.94323
4.1105 6.43352
4.38324 6.41855
4.61814 6.83166
4.51362 6.33057
4.30697 6.80039
3.84524 7.05537
4.5091 6.79271
3.46665 6.77704
4.42369 6.43642
4.24404 6.35695
3.52207 6.64001
3.90955 6.1945
3.58845 6.64802
3.63107 6.54078
3.3896 6.5957
4.277 6.3238
3.49736 6.50723
4.13579 6.91003
4.37135 6.41429
4.22181 5.82956
4.22723 6.97137
3.50603 6.18289
4.24394 6.9276
4.41685 6.23951
4.42694 6.42591
4.5195 6.3833
3.80604 6.52523
3.90126 6.58784
3.65998 6.04407
4.36942 6.29017
4.61945 6.62995
3.59708 6.46728
4.41579 6.98313
3.71866 6.78047
3.51487 6.63824
4.35195 6.50048
3.86302 7.16655
3.34901 6.35071
3.79179 6.07858
3.85814 6.89037
3.49654 6.82624
3.77431 6.80834
4.45687 6.01331
4.38249 6.91412
4.43958 6.66391
3.92205 5.95555
3.59349 6.1757
4.48733 6.11761
4.05998 5.86106
3.84851 6.99723
4.61131 6.23081
4.6135 6.32772
3.70701 6.98115
3.62191 6.90771
4.41956 6.93107
4.17053 6.52268
4.21524 6.40427
3.73676 6.50702
3.97609 6.71185
4.67628 6.4307
3.83597 6.46637
4.43437 6.18873
4.67191 6.30755
3.71665 6.48888
4.00456 7.13992
3.56331 6.39366
3.78529 5.86867
3.47182 6.24753
4.05028 5.80115
4.47117 6.20756
4.16401 6.90749
3.60575 5.96554
3.60452 6.72873
4.14128 6.0282
3.46219 6.90338
4.43224 6.65776
3.91873 7.11455
3.79657 5.87164
3.62961 6.09314
4.15593 5.8594
3.29357 6.52409
4.50874 6.82849
4.30692 7.0385
3.90765 6.08444
4.36794 6.97165
4.33234 6.40891
4.33199 6.73476
4.51808 6.59145
3.45936 6.50493
3.83024 6.13161
3.73892 6.58516
3.89093 6.00301
3.71979 6.24959
4.38047 6.01139
3.57367 6.86327
4.31702 6.00941
3.63613 6.98349
4.23194 6.94499
4.02555 6.3279
3.71953 5.86582
4.19106 6.77902
4.33509 6.60595
4.37674 6.95149
3.91634 7.06595
3.83023 6.84499
3.99572 6.89784
3.98338 6.58351
4.42033 7.00846
4.52527 6.51811
4.25764 6.53893
3.94689 6.39459
3.65994 6.14798
4.07088 6.12168
3.71305 6.97535
4.0464 6.11191
4.36285 6.04687
4.00699 6.94517
3.72578 6.98747
4.17071 6.52101
3.76588 6.56534
4.05186 6.12725
3.80459 6.52619
4.02706 6.08587
3.69231 5.96429
3.92821 6.34032
3.56645 7.02511
3.77752 6.12498
3.68824 5.97687
4.21627 6.70475
4.46739 7.01807
4.28507 6.24025
3.77868 6.00881
3.54888 6.57512
4.66467 6.32515
4.676 6.58053
3.64074 6.70126
3.88843 6.06836
3.49719 6.54975
3.73863 6.05138
4.02343 6.06532
4.48109 6.04688
4.13284 6.43507
4.31488 6.063
3.45637 6.34369
3.92089 6.63297
4.16868 6.65612
3.56723 6.65733
4.49209 6.13163
4.48142 6.81182
4.45929 6.5244
3.57697 6.19502
4.26997 6.22961
3.91768 6.67016
3.6307 6.42147
3.76402 6.50611
3.56739 6.80333
3.83072 6.6504
4.40568 6.42925
4.27777 5.94542
4.05306 6.02909
4.28972 5.91971
3.62526 6.08764
3.7789 6.72162
4.28101 6.42492
4.03745 5.82852
3.54451 6.69145
3.32079 6.52632
3.67133 6.67056
3.74822 6.88443
4.28233 6.1483
4.30591 6.24635
4.3572 6.66178
3.44989 1.40954
4.01858 1.56689
3.92832 2.17436
4.1815 1.56942
3.41722 1.55285
4.22706 1.03744
4.03729 1.37974
4.25621 1.28027
3.46942 1.20332
3.7305 1.03286
3.50952 1.00128
3.58901 1.47337
3.33168 1.44353
3.89795 1.62405
3.34844 1.51424
3.57663 1.15279
4.3518 1.1185
3.97117 1.21773
4.01062 1.70301
4.37639 0.972081
3.56276 2.05409
3.9316 1.44455
3.78706 0.927363
3.32312 1.62707
3.91695 1.8733
3.38246 1.23087
3.53804 1.56328
3.81974 1.24457
3.75828 1.6224
4.00977 1.03241
4.37124 1.10264
3.3345 1.29867
4.03282 1.93673
3.51083 1.88136
3.92689 1.07165
3.82218 1.16136
4.49924 1.54628
3.3343 1.46434
3.74221 1.96695
3.52558 1.17432
4.24637 1.97731
3.91295 1.82668
4.15273 1.11552
4.18425 1.79723
3.92243 1.39826
3.85322 1.65165
3.6725 1.23491
4.33471 2.00492
3.80724 0.86302
3.6543 1.20643
4.1497 1.86999
4.30581 2.12211
4.39039 1.41777
4.46794 1.83849
4.63374 1.74477
3.94687 1.29018
3.79686 2.17291
4.23521 1.58329
4.43886 1.73666
3.74949 1.14731
4.18756 1.37446
3.8938 2.05879
4.11807 2.13731
4.20738 1.11896
3.88048 1.27674
3.49403 1.08555
4.39995 1.31047
3.49003 1.47028
3.49868 1.11505
4.25819 1.8836
4.42924 1.06845
4.29718 1.42722
3.44856 1.61686
4.08262 1.26826
3.67049 1.62627
3.66256 1.30496
3.7529 1.63579
3.75756 1.9679
4.06785 0.801033
3.7684 1.62202
4.52421 1.45892
4.16361 1.10452
3.86925 1.5142
4.25569 0.897234
3.9414 0.891527
4.62434 1.56118
3.76507 0.857452
3.69683 1.24632
3.71063 1.55741
4.16845 1.12765
3.39151 1.68647
4.31961 1.9691
3.96474 1.18538
3.88442 1.49199
3.92846 1.66152
3.59974 0.942312
3.79702 1.90623
3.9713 1.69579
3.6248 1.81839
4.01147 1.4344
3.53693 2.00561
3.59267 1.63845
3.91088 1.07388
3.65689 1.98024
4.56271 1.15182
3.80836 1.09818
3.68271 1.17613
4.04618 1.11261
3.65217 0.922815
4.50586 1.1738
4.07174 1.07557
3.33468 1.72856
4.47904 1.31696
3.47927 1.80844
4.13339 1.93807
3.92434 1.79821
3.95798 1.64272
3.67627 1.49376
3.95655 1.15702
3.59177 1.28527
4.54342 1.47439
4.07333 1.50142
3.80419 1.24025
3.58077 1.07265
4.23603 1.23212
4.42632 1.93868
4.27718 1.76298
4.33813 1.46241
3.7625 1.30939
3.77946 1.73161
4.2456 1.51511
4.31976 1.1114
4.09181 1.87651
3.78086 1.1282
4.0851 2.13591
4.47579 1.57591
4.62028 1.82571
3.43096 1.66862
3.79964 1.56602
3.45212 1.68754
3.48393 1.12691
4.56107 1.17845
4.62875 1.69768
4.48432 1.96271
3.94592 2.04608
3.37578 1.74769
3.42392 1.33318
4.43707 1.01518
4.51354 1.01608
4.14657 1.83113
3.89628 1.42616
4.3286 1.4081
4.39784 1.00977
4.62143 1.27093
3.53051 1.64351
3.84597 1.57958
4.32445 1.85994
3.9153 0.913132
4.13828 1.4214
3.51738 1.42617
3.94867 1.56106
3.87751 1.49898
3.69388 0.93196
3.97664 1.52336
4.56499 1.14521
3.55385 0.999202
4.37274 1.59053
3.69406 1.87116
4.1061 1.26903
3.99753 1.33039
3.38853 1.47817
4.01072 1.64763
3.84536 2.04564
3.56664 1.07293
4.51089 1.72714
4.16027 0.8622
3.87845 2.04081
3.5335 1.95121
3.58437 1.52229
3.99064 0.908113
3.51673 1.5983
4.18026 0.922427
3.88769 1.51983
3.6313 1.31306
4.06202 1.25287
3.57205 1.73276
3.84014 1.88994
3.94895 0.868964
3.75057 1.99197
3.48356 1.32886
4.5115 1.17416
3.5183 1.88697
3.93182 1.58617
4.32131 1.95223
4.23334 2.09697
3.60912 1.66987
4.39341 0.940731
3.9517 1.53441
4.63891 1.55133
4.13997 0.95256
3.46279 1.19128
3.98637 2.06488
4.11923 1.99661
3.67446 2.07008
4.65063 1.6239
3.35763 1.28643
4.21524 2.0981
4.27506 1.94225
4.41325 1.83208
3.95125 0.982155
4.51011 1.65656
4.34585 2.01093
4.44603 1.99517
4.23579 1.57857
4.3201 1.46152
4.00851 0.806416
3.64194 1.89177
3.92038 2.06041
3.41441 1.8332
4.04894 0.818378
4.20172 1.82065
3.6923 1.17496
3.60795 1.12232
3.44938 1.81153
4.44687 1.95319
4.25587 1.86564
4.02435 1.00239
4.3262 1.53535
4.55618 1.3582
3.36966 1.5052
4.26756 1.40526
4.28605 1.42684
3.7109 1.92178
4.05439 1.20314
3.36648 1.73288
4.01107 1.93484
3.82678 1.59723
4.34503 0.887034
4.38648 1.6294
3.81177 0.986541
4.29465 1.61423
4.59755 1.39328
3.80605 1.10044
4.2265 1.9312
4.6882 1.48115
3.62012 1.1938
3.70831 1.00812
4.05865 2.1104
4.46594 1.24632
4.20893 1.63395
4.34483 1.57503
3.90567 2.00022
4.57991 1.36463
4.53895 1.55869
3.36238 1.52663
3.66534 1.94194
4.61416 1.51428
4.59152 1.64275
4.26336 1.26209
4.32057 1.02916
3.91025 1.00199
4.08747 0.871434
4.35638 1.65271
3.45081 1.9191
3.89513 1.19656
3.54688 1.64076
4.31131 1.26821
3.44186 1.63518
4.45824 1.96696
3.84406 1.42062
3.67521 1.99093
3.39533 1.8413
3.93933 1.84155
4.20944 0.858188
4.11029 1.10555
4.05474 0.913352
3.94568 1.85805
4.48081 1.22295
3.65274 1.06246
4.59149 1.60703
4.25097 1.72406
4.25984 1.63324
4.18217 1.19763
4.03548 2.00393
4.02828 0.94794
3.78714 1.57649
4.15882 1.70281
3.42678 1.21435
3.44634 1.8237
4.45417 1.69889
4.17201 1.69886
4.26051 1.18907
4.53146 1.66438
3.63978 1.86349
3.90933 1.77081
4.56967 1.37121
3.55805 1.05284
4.52622 1.05901
3.95572 2.13595
4.35338 1.4169
4.07658 1.93087
4.04867 0.905099
4.03065 1.09724
3.6302 1.95985
4.69704 1.41173
3.4776 1.80434
3.34395 1.69492
3.82052 1.3992
4.2653 1.70929
4.36839 1.61027
4.08975 0.829781
4.17412 2.15482
3.52719 1.82107
4.08578 1.11651
3.86529 1.9815
3.39932 1.42139
3.45937 1.20152
4.47518 1.08201
3.90759 1.41545
3.69648 1.54424
4.64454 1.722
3.95545 2.05806
4.51838 1.92354
4.38221 2.06389
4.304 1.20874
4.36942 0.997679
3.77952 0.947072
4.15209 1.22256
3.61374 1.29814
3.94188 1.72739
4.45144 1.90146
3.78734 1.73839
4.23735 1.10424
4.35272 1.21271
4.4537 1.85422
3.9492 1.47407
4.15865 1.71874
3.39934 1.31738
4.42684 1.57788
4.5354 1.67549
4.00502 1.42393
4.43615 1.65769
4.06674 0.859726
3.84709 1.17129
3.37392 1.6189
3.67425 1.5649
4.4573 1.31556
4.37917 1.70223
4.52175 1.11865
3.39448 1.16138
4.16852 1.07603
3.9839 2.01253
4.30322 1.1529
4.32805 0.948312
4.04361 1.48893
4.31832 1.26149
4.06468 1.35536
3.77923 1.37559
3.50875 1.76459
3.80621 1.81113
3.66181 1.76939
4.12898 1.72837
4.2502 2.01765
3.95085 0.864082
4.38194 1.63047
3.36824 1.53303
4.32648 2.12057
3.87119 1.42258
4.36571 1.90959
3.45583 1.8639
3.93477 1.262
3.51459 1.70765
4.57705 1.77252
4.13686 1.86141
4.05415 1.04542
3.96079 1.12171
4.3777 1.1763
3.61481 1.51917
4.43484 1.68451
4.58678 1.11761
3.35415 1.73794
3.32377 1.33699
4.24459 1.67366
4.04124 0.893179
3.90598 1.23848
3.67758 1.46258
4.18265 1.26161
3.85829 2.00143
4.13946 2.03614
4.01624 1.96173
4.16425 2.14742
4.66636 1.31809
3.59928 1.2896
4.03537 0.793997
3.62661 1.68493
3.4361 1.12739
3.847 0.848809
4.03521 1.75755
4.17538 2.01756
3.84876 1.73718
1.93149 4.13196
1.72657 4.15819
1.8117 4.49737
1.72288 3.53572
1.62665 4.0859
2.0781 4.30837
1.65629 3.95944
1.45737 4.34106
1.41788 3.98663
1.23411 3.85404
1.83466 4.56822
1.09843 4.48984
1.52667 3.50121
1.46223 3.55868
1.84689 3.73855
1.48948 3.87599
1.12722 4.10728
2.15923 4.06273
1.18619 4.42034
1.93658 4.17749
1.59001 3.62366
1.88583 3.50305
1.78204 3.61032
1.44915 3.63535
1.39599 3.82905
1.97666 3.54629
1.64865 4.25807
1.90764 4.31875
0.97585 3.53986
1.94806 3.71997
1.16435 3.64041
1.66591 4.29621
2.04976 4.08557
1.40221 4.04815
1.07563 3.8005
1.3047 3.73315
1.77675 4.39927
1.3768 3.94023
1.07655 4.1499
1.59633 4.36002
1.65559 3.95958
1.95601 3.76927
0.828144 4.12263
1.18242 3.56892
1.28534 3.40098
1.92639 3.69748
1.0351 4.01355
1.73146 3.78818
1.05482 4.24799
1.73774 4.0101
2.14854 4.09256
1.30688 4.26185
1.25796 4.05856
1.01609 4.44814
1.83658 3.40272
1.55035 3.93938
1.29149 3.79298
1.14379 4.10848
1.69713 4.21434
1.0681 4.09
1.92087 3.79774
0.992356 3.65234
1.7648 3.43575
1.92491 3.49511
1.39752 3.40726
2.13869 4.07655
1.53046 4.38883
1.1741 3.64627
2.09673 4.30425
1.19322 3.68009
1.14874 4.06822
1.92248 4.27543
1.22372 3.85714
1.88859 3.83873
1.02127 4.25776
1.2152 4.1894
1.13643 3.56312
1.9598 3.70291
1.4741 3.92996
1.22834 4.1481
1.44258 3.55876
1.52925 3.36818
1.10257 4.30737
1.86278 3.75191
1.11055 4.01241
1.54629 4.25793
1.82895 4.42572
1.56221 3.65034
1.75366 3.79585
1.90039 4.09358
1.81112 4.41932
1.68701 4.63872
1.21117 3.6866
1.1019 3.93155
1.82626 3.67798
1.75075 3.86646
1.34615 4.67763
1.01062 4.26161
1.79969 4.61178
2.08745 3.70372
1.74015 3.69722
1.45233 3.86472
1.75526 4.18841
2.08718 4.08847
1.92447 3.98436
1.13132 4.58486
1.63784 3.70418
0.869327 4.01269
0.882416 4.12185
0.940817 3.59422
1.24402 3.63467
1.58332 3.40636
1.55994 3.65977
1.44895 3.99406
1.05784 3.45105
1.47161 4.23528
1.22811 4.53127
1.29101 3.45548
2.10018 3.66202
1.65868 3.54269
1.72027 4.00589
1.78107 4.37857
1.4523 3.64503
1.08804 3.75033
0.961892 4.20316
1.79677 4.63989
0.838578 4.23463
1.09972 4.28118
1.93421 4.4908
2.09032 3.70473
2.0903 4.25109
1.09749 4.19394
0.958349 4.01732
1.3866 3.46946
1.54953 3.93325
1.28765 4.16965
1.53335 3.53138
1.4798 4.03291
1.38237 4.695
1.4115 4.02877
1.61115 4.39079
1.66192 3.82929
1.0444 3.77166
1.66065 4.23353
1.82207 3.92989
1.11572 4.08638
1.57751 3.93171
1.2979 4.60459
1.61214 4.16026
1.20536 3.76008
1.21109 3.72165
1.3497 3.7863
1.02925 3.69123
1.82796 3.6579
1.29467 3.70224
1.12966 4.57253
0.916142 3.98643
1.01711 3.51702
1.46377 3.90423
1.61048 3.68969
1.15652 3.91821
2.07396 4.33932
1.61817 3.76294
1.97213 4.33947
1.23319 3.50038
1.7144 3.5522
1.65781 4.46541
1.14186 4.33467
2.11685 4.01358
2.0418 4.27625
2.01768 3.78105
1.46518 4.37504
1.15185 3.78768
2.07775 3.74447
1.82025 3.57877
2.13728 3.70457
1.54351 3.66447
1.57347 3.79749
2.14461 3.81639
2.10666 3.983
1.41229 3.80794
1.05743 3.68765
0.834615 3.78868
1.87672 3.51802
0.995879 4.08694
1.63906 4.26923
1.13505 3.96987
1.45663 3.95795
1.65217 3.65949
1.20533 3.38464
1.33029 3.32263
1.67794 4.27906
2.00392 3.94758
1.39577 4.23328
1.87601 3.91942
1.68613 4.22471
1.03207 3.48862
1.92751 3.54345
1.43428 4.69293
1.07207 3.54154
1.48212 3.90927
2.00784 4.28831
1.03756 4.39727
1.13167 4.18915
1.47737 3.67172
1.78825 3.83026
1.70842 4.33488
1.81938 3.56847
1.72283 3.47254
2.04114 3.8136
1.60243 4.00309
1.59093 4.3272
2.10453 4.07441
1.01982 4.2558
1.48263 4.33229
0.93124 3.84905
1.09865 4.29098
1.47127 4.43832
2.06239 4.23625
1.8934 3.96217
1.57603 3.37634
1.92378 3.4365
1.61928 4.41046
1.43922 4.52259
0.8008 3.99045
1.16362 4.26744
1.71506 3.81442
1.53342 4.08452
1.36242 4.59136
1.01058 4.3783
1.92932 4.21822
2.12701 4.2162
1.48716 3.77882
1.15834 3.84977
1.14074 3.85726
1.76866 4.33118
1.43513 4.28973
1.84441 3.80964
1.22284 4.19542
1.58832 4.30039
2.09297 4.19592
1.65716 3.79733
1.35402 4.55097
1.26901 4.29509
1.0957 3.53365
1.39055 4.19027
2.02679 4.0659
1.34378 3.46265
1.5805 3.6122
1.49668 3.89893
1.23121 4.61428
1.73117 3.38321
1.84234 3.89811
2.09339 3.95349
0.7999 3.91221
1.41754 3.68309
1.67525 3.56054
1.4345 3.80119
1.18286 3.66771
1.24695 3.76269
1.853 3.4987
1.50994 4.14799
2.06951 4.0325
1.65164 3.59802
1.36461 3.49964
1.30998 4.05461
1.2598 3.67566
1.55938 3.8616
1.40164 4.67222
1.57992 3.78727
1.96798 4.14596
2.05817 3.77148
1.86085 3.47326
2.13571 4.09831
1.79947 4.45415
0.978896 3.80792
2.17259 4.03263
1.69798 3.75154
1.61685 3.91226
1.70037 4.27641
1.07009 4.21403
1.39865 4.06497
1.13888 4.20538
2.00317 3.80052
1.56383 3.51542
1.58299 3.93735
1.86725 3.79099
1.52381 4.56296
2.1149 4.33559
1.97466 3.54018
1.98261 3.52325
1.98618 3.58324
1.63615 3.58013
0.922703 4.23933
1.99859 3.62103
1.33252 4.37336
1.37369 4.16577
2.04742 3.67262
1.91218 4.04577
1.64582 4.49006
1.71621 3.5205
1.60877 4.67512
0.996615 4.01262
1.03402 3.77167
2.06462 4.408
1.08897 4.25673
1.90338 4.53783
1.51759 3.50892
1.33409 3.84435
1.98295 4.34282
1.28495 3.56017
1.72369 3.95962
1.43546 4.49042
1.49783 4.01021
2.06883 3.66367
1.30913 4.44044
2.05869 3.63294
1.84348 4.40401
1.63989 3.31802
1.75538 4.43957
1.52244 3.96801
1.31526 4.43439
2.15237 3.82819
1.81059 4.1454
1.32899 3.60901
1.1578 3.52412
1.50626 3.71416
2.06033 4.18713
1.13561 3.86041
2.03963 4.12296
1.26655 4.53152
1.95452 4.18882
1.69396 4.32821
1.74137 3.63953
1.17966 3.47004
1.34984 3.54306
1.45701 4.06801
2.06499 3.79856
2.02402 4.42588
1.87523 4.44955
0.916148 4.13056
1.76247 4.64286
1.77381 3.5461
1.30736 4.52664
1.08589 4.31802
1.01355 3.74542
2.08134 4.1338
1.45303 3.90053
2.00801 4.4081
1.75236 3.88331
1.50529 4.51267
1.81274 4.40125
1.93532 4.48992
1.36718 4.59612
1.51157 3.79475
1.40964 4.26323
1.59327 4.26186
1.44829 3.30828
1.05737 3.77397
1.28777 4.06973
1.77696 4.59015
1.87071 3.91325
1.07585 3.76452
1.10041 3.5861
1.53387 4.09346
1.81001 4.21522
1.61194 4.38227
1.43559 3.86201
1.36741 4.40449
0.852939 4.24817
1.2544 4.38176
1.08484 3.51428
1.80627 3.64927
1.19805 4.61318
1.60234 3.33107
0.921619 3.95769
1.17638 3.8218
1.42965 4.18679
1.76221 4.3821
1.52284 3.97362
2.07797 3.77128
1.80549 4.60044
1.44386 4.54459
1.15224 4.06543
1.03986 3.56484
1.28469 4.50253
0.997537 4.31976
1.59283 3.53307
1.78729 3.76384
0.845361 4.08303
1.44085 3.99024
1.14611 4.13473
1.4539 4.47874
1.18127 4.27477
1.58591 4.03888
1.26951 3.61103
1.57547 4.11834
1.73194 3.43733
2.15588 4.10126
1.62761 4.34093
6.3226 4.34086
6.48047 4.29598
7.08345 3.97845
6.10116 4.17366
7.08667 4.29218
7.09692 3.99473
6.73179 4.10297
6.77759 3.61283
6.45483 3.61237
5.85461 3.82748
6.95209 4.17734
5.95246 3.86211
6.05614 3.88083
6.02428 3.77028
6.84621 4.36172
6.85482 3.98437
6.6978 3.80943
6.05974 4.47371
6.20646 4.40264
6.854 3.94181
6.46935 4.59013
6.81913 3.91085
6.22347 4.32928
6.53281 3.79435
6.54038 3.68019
6.59013 3.44318
6.00001 3.99605
6.19335 4.62937
6.15764 4.31383
6.8599 3.9093
6.1075 3.9339
6.18944 4.58187
6.92407 4.37569
6.59703 3.57314
6.09657 4.34138
6.32413 3.80388
5.93272 4.03158
6.25769 3.77765
7.13944 3.81727
6.59849 3.47115
6.75627 4.2734
7.08133 4.08961
5.82763 3.9138
6.78308 4.41446
6.3093 3.58783
6.57068 4.37717
5.79616 3.99459
6.49314 4.60796
6.2506 3.50827
6.55932 3.80191
6.7194 4.57027
6.30129 3.48711
6.14993 4.33917
6.08183 4.02291
6.62811 4.67876
6.68145 3.34136
6.49308 3.87446
6.33544 4.32199
6.16642 4.05272
6.65927 3.98886
6.24068 3.91519
6.8123 4.26384
6.10632 4.5651
6.90599 3.87582
6.55359 3.45069
6.20979 4.41707
6.14555 4.28969
5.90645 3.82283
6.84445 3.79793
6.80636 4.53284
6.38581 4.20933
6.37135 3.85832
6.00154 4.02272
6.00468 3.69966
6.97138 4.28898
6.05746 4.16705
6.32866 4.47283
6.95784 4.4301
6.24763 3.43638
6.26227 4.2436
6.31302 4.17213
7.10678 3.6931
6.73293 4.30886
6.8 4.43114
6.11504 4.39552
6.357 3.56741
6.55571 3.46593
6.17495 4.1187
6.54426 4.57752
5.9388 3.78297
6.60836 4.11319
6.38345 3.32052
6.39809 4.34136
6.30296 4.10603
6.35698 4.18721
6.7832 3.8
6.55438 3.86611
7.00716 4.45858
6.68221 3.4474
7.03986 4.01999
6.53956 3.36421
6.99571 3.57893
6.02277 3.77734
6.73482 4.37444
5.97907 3.94768
6.83025 4.07968
6.06893 3.98946
5.97108 4.02379
6.63602 4.32672
6.7337 3.40726
6.04043 4.06858
6.30825 4.51257
6.7509 3.53836
6.52575 4.63936
6.55716 3.63438
6.9206 4.46824
6.13971 4.5449
6.28394 4.21999
6.90229 4.21159
6.44198 4.05114
6.06475 4.40829
5.82584 3.87389
6.19417 3.90236
6.68092 3.46055
6.53444 3.59533
6.21254 3.88357
6.17584 4.16874
6.43496 3.67075
6.27182 4.42486
6.58302 4.08188
6.95022 4.00143
6.45178 4.44789
6.50525 4.6294
6.60775 3.63039
6.37681 3.38963
6.6756 3.7145
6.83069 3.48576
6.8452 4.52169
6.57873 4.34403
6.88556 4.52109
6.64147 4.59498
5.99729 4.43159
6.36748 3.66684
6.35155 4.03324
5.98561 4.30097
5.87106 4.04815
5.97928 4.28964
6.92973 4.30911
6.12935 4.25451
6.50088 3.35919
6.08167 3.89381
6.27977 4.54469
6.46765 4.0658
7.04961 4.15867
5.86748 4.28955
6.22566 3.69499
6.03878 4.40107
6.72949 4.15462
6.75664 3.34652
6.48692 3.76993
6.35814 4.4123
5.89393 4.13443
6.75282 4.43875
6.6145 4.0793
6.3931 4.30042
6.93232 4.31247
6.16658 4.58159
6.20687 3.74542
6.71103 4.43714
6.36377 3.69219
7.01076 3.6716
6.3974 4.34721
6.03965 3.61599
6.24856 3.36942
6.58753 4.41863
6.43542 3.88544
6.79923 4.59499
6.01703 3.54659
6.53321 4.30579
6.55618 4.20574
6.71531 3.503
6.97397 4.51289
6.22025 3.79637
6.77051 4.11645
6.47464 3.49069
6.4836 3.83689
6.14017 3.62949
6.06846 3.87972
6.75712 4.27591
6.18486 4.20967
6.66467 3.65016
6.26904 3.99887
6.03182 4.40564
6.68784 4.678
6.13668 4.09646
6.0684 3.98933
6.17485 3.99386
5.9627 3.68499
6.88604 3.43066
6.79919 3.60795
6.5794 4.33913
5.86959 4.28522
6.43702 3.70227
6.76668 3.42977
6.53606 3.74975
6.48413 4.3791
6.36165 3.35966
7.13414 3.77207
6.63952 4.04651
6.55232 4.4585
6.2061 3.45331
6.00639 4.00299
6.13561 3.80436
6.53367 3.52175
6.35392 4.24474
5.98465 3.65888
6.66278 3.74517
6.88311 3.45093
6.34104 4.33733
6.71525 3.70409
6.17705 4.59394
6.21076 4.29625
6.35474 4.66592
6.16541 4.14537
6.37809 4.62038
6.53469 4.6899
6.72065 4.22172
6.37985 4.53447
6.98823 3.87751
6.41151 3.5297
6.85785 3.44706
6.90942 4.01284
6.89265 3.46176
6.45221 4.60522
6.79293 4.48748
7.09725 3.9024
6.64447 4.31634
6.08982 3.92269
6.78861 3.40674
6.4928 3.99397
6.87619 3.86273
6.93524 4.32299
6.97981 3.77699
6.06848 3.59938
6.56134 3.29592
6.4556 3.32796
7.16069 4.0269
6.22495 3.89963
6.60549 3.44171
6.35302 3.50603
6.40589 3.74336
6.92422 4.55565
5.82074 3.99259
6.65735 4.19185
6.64072 3.87397
6.67727 3.73442
6.03241 3.84435
6.84913 3.94308
6.12224 4.41808
6.49544 3.95712
6.57624 3.9367
6.63907 4.23605
6.1805 3.45233
6.25026 3.89114
6.41142 3.53395
7.03509 4.26726
6.66706 4.00957
6.27682 3.50476
7.13903 3.90586
6.13393 3.48453
6.45209 3.30195
6.21067 3.91874
6.31109 3.58125
6.21209 4.61754
7.00629 3.72184
6.39731 3.43323
6.77743 3.7151
6.92364 4.12539
6.94493 4.20546
7.13034 4.11732
6.80925 4.59619
6.47143 3.65054
6.03946 4.24841
6.45609 4.41343
6.40857 4.37161
5.94855 4.29705
6.81512 3.76917
5.94047 4.31412
6.74121 4.57267
7.05233 3.78618
6.0798 4.1218
6.58224 4.50421
5.82358 3.92066
6.31721 4.08474
6.30223 4.26995
6.02895 4.09596
6.85122 4.3801
6.57877 3.92028
6.20113 3.62982
6.04861 4.53753
5.8462 4.08542
6.30715 3.76972
6.77264 3.8352
6.62082 4.57539
6.65909 4.41162
6.48122 3.59495
6.40352 4.39832
6.96142 4.06476
6.57664 3.45196
6.60264 3.49117
6.17973 3.78061
6.90842 4.23847
6.73342 3.43134
6.12904 3.65818
6.64956 4.05681
6.48178 3.64586
6.45306 3.65822
6.81059 4.45202
6.68467 3.94502
7.12828 4.02393
6.45807 4.34857
6.80274 4.45371
5.94542 4.38677
6.21229 3.67158
6.82751 3.96878
6.67842 3.69196
6.77873 4.33717
6.9556 3.64334
6.59169 3.44893
6.18539 4.49698
6.42946 3.63996
6.88244 3.62349
6.6779 3.42274
6.67193 3.54766
6.25621 3.49208
6.57725 3.96086
6.14064 4.4161
6.0998 4.48285
6.04828 4.21826
6.26927 3.87829
6.93303 4.4265
6.92881 4.39045
6.95772 4.32204
6.33796 3.65852
7.12534 3.80908
6.96435 4.20099
6.3913 4.37223
6.47823 3.66263
6.36377 4.0118
6.96869 4.21097
6.98529 3.82097
6.37051 3.43179
6.85761 3.82481
6.3965 3.61979
6.72194 3.59058
6.33039 4.52307
6.67383 4.39734
6.77458 4.36452
5.80547 3.93688
5.94191 4.26967
6.95779 4.49885
6.43287 3.44293
5.96145 3.68883
6.07225 4.06878
7.09137 3.98328
6.48662 4.1373
6.14764 4.57514
6.86544 3.56715
6.68095 4.56327
6.87745 3.69773
6.14387 3.77262
7.10523 4.26961
6.97751 3.48427
7.14261 4.21219
6.04879 3.74201
6.76032 4.16748
6.90938 3.6937
6.1282 3.83041
7.13775 4.28071
6.89095 4.30875
6.81609 4.60267
6.64773 3.69312
6.59531 4.0473
6.41397 4.4702
6.4631 4.38173
6.31377 4.14112
6.99212 4.06715
6.01423 3.57498
6.85066 3.65756
5.93736 3.94185
6.8441 4.54816
6.26807 3.86541
5.81436 3.82783
6.12301 3.8844
6.72317 3.54968
7.11945 4.3235
6.25475 3.74835
5.99143 3.81643
6.29082 4.17702
6.08587 4.14865
5.63952 6.43445
6.22875 5.98449
6.03421 5.96664
5.95182 5.41778
5.61475 5.8346
6.34519 6.03221
6.0127 6.13381
5.64518 5.18263
5.33956 5.60394
5.7991 5.14707
5.43535 5.61202
5.99697 5.72199
5.48274 5.74796
6.17101 5.68863
5.35426 6.04546
5.82834 5.19409
5.65232 5.31673
5.59342 5.4128
5.98352 5.58556
6.03995 6.31676
6.17788 6.30989
6.05769 5.84406
6.2626 5.56185
6.07001 5.98323
5.67303 5.48403
5.31424 6.18191
6.14738 6.07803
5.39079 6.21231
5.74593 5.48405
5.86723 6.0348
5.68479 5.43569
5.9652 5.70384
5.69843 5.23329
6.14111 5.92847
5.81993 5.34279
5.6244 5.11711
6.09308 5.58127
5.20348 5.98628
5.26323 5.90413
5.87846 6.18031
5.86341 5.11801
5.27854 5.32049
5.78361 6.28175
5.67447 5.3723
6.38147 5.61655
6.41888 5.61032
6.28591 5.50789
5.71708 5.79049
6.03275 5.35795
5.81043 5.90785
6.03771 5.78816
6.21613 5.33032
5.54813 5.83358
6.20683 6.01489
5.73139 6.14145
6.12004 6.29978
6.38938 5.89021
5.98626 5.48608
5.47453 6.29917
5.33275 5.3767
5.81534 6.45591
5.27448 5.46866
5.1945 5.88847
5.34229 5.81488
6.12054 5.45612
5.54587 5.65101
6.23338 6.21473
5.82039 6.08816
5.81702 5.50825
5.32554 5.65984
5.3175 5.58837
5.36927 5.97683
5.60157 6.05494
6.10327 5.98287
5.60747 5.71113
5.6252 6.00848
5.50493 5.31161
6.1111 5.15142
5.73294 5.29184
5.44745 6.16597
5.68103 6.31167
6.02442 5.99828
5.61962 6.37414
5.42313 5.39904
5.96872 6.38463
5.6902 5.36168
5.83016 6.01826
5.7928 5.88694
5.9757 6.04919
5.49078 5.52489
5.1892 5.63526
5.23887 5.59819
5.87697 5.18035
5.64217 5.07786
6.15351 5.42233
5.46922 6.16046
6.39491 5.77731
5.65156 5.7779
5.94231 5.83964
5.56399 5.70228
6.11655 6.23907
5.35736 5.81903
5.42163 5.64355
6.00634 5.10916
5.25149 5.43655
5.90124 5.67145
5.36105 5.39951
5.57071 6.09697
5.2494 5.58797
5.78237 5.67693
5.30698 5.25866
5.65936 6.11849
5.61341 5.55166
5.8464 5.48855
5.84015 6.28038
5.71422 5.13572
5.37478 6.34986
6.12733 5.31017
5.9629 6.24523
5.61945 5.65175
6.11142 6.18025
6.36004 5.93138
5.72297 6.23558
6.24516 5.87032
5.23815 6.21428
5.27704 5.80548
5.83121 5.72359
6.27167 5.66543
5.53221 5.57298
5.28028 6.242
6.0387 5.77186
5.85316 6.18093
5.9049 5.0893
6.35678 5.74886
5.82417 5.51845
5.44605 5.68696
5.47552 5.73174
5.8971 5.95339
5.44277 5.19465
6.18614 5.97452
5.08797 5.80354
5.90289 5.89455
5.15326 5.61392
5.38125 5.60972
6.05548 6.33029
6.16521 5.73996
5.23802 5.40785
5.25707 5.65114
5.73378 6.39601
5.49751 6.07243
5.78286 6.16469
5.11488 5.86131
5.54423 6.41891
5.71512 6.08528
6.15035 5.70779
5.48449 5.61938
6.10354 5.77773
6.0125 6.14196
5.43059 5.92463
5.77819 6.2968
5.47873 6.3796
5.91324 5.12747
5.99134 6.0757
5.81398 5.85333
5.91151 6.16573
5.91901 5.56056
5.15145 5.58282
6.28647 6.00431
6.06543 5.60128
5.62758 5.27913
6.41396 5.938
6.25078 5.57839
5.51156 5.37539
5.83479 5.08062
6.11702 5.17931
5.84013 5.6149
5.43463 6.2135
5.39005 5.82813
6.22016 5.9705
5.6423 5.83225
5.70862 6.36434
6.33464 5.92789
5.55569 5.95165
5.11436 5.79695
5.87816 6.26491
6.13498 5.48427
5.72893 6.07867
5.11955 5.79515
6.13522 5.51738
5.92652 5.88562
5.58781 6.25573
5.74543 6.32572
5.29762 5.92393
5.96866 5.21341
5.56018 5.16969
5.62638 5.45085
5.99443 6.06499
6.32032 5.7897
5.79858 5.93467
6.18308 5.39528
5.96674 5.26317
5.43557 6.21403
5.84091 6.33811
5.2383 5.61895
5.85063 6.38807
5.69039 5.48303
5.52068 6.41142
6.04551 5.81496
6.14914 6.35808
6.19772 5.7623
6.00041 6.38634
5.59158 5.54902
5.76287 5.52557
6.3935 5.87722
5.19629 5.79644
5.8015 5.85502
5.51299 5.40692
5.41633 6.08676
5.56582 6.10523
5.28162 6.09813
5.41521 5.67809
5.42797 6.17415
5.87746 6.33773
5.78967 6.35508
5.29356 5.59122
6.14143 5.48981
5.49374 6.20058
6.06901 5.56504
6.17301 5.89006
6.26211 5.49761
6.033 5.85727
5.83787 6.11751
5.69916 5.46446
6.23126 5.2872
5.49599 5.24396
5.70583 5.15775
5.28972 5.6097
5.87241 5.7264
5.72498 5.41575
6.08737 6.33587
6.15604 6.06026
5.10733 5.63427
5.23521 5.93701
5.90984 5.30108
5.61777 5.17923
6.01799 5.7783
5.57719 5.27379
5.50039 5.20094
6.03423 5.15217
6.29952 5.48972
5.87892 6.37089
6.21946 6.08391
5.42408 6.12054
6.31356 5.87899
5.69858 6.33858
5.17656 5.43791
5.81248 5.07905
6.3119 6.15053
6.43266 5.9295
5.76005 5.54184
5.74604 5.99717
6.04812 6.26571
5.55803 5.6839
5.21517 5.7669
5.62469 5.85074
6.06148 5.81744
5.62886 6.38362
5.92193 5.79908
5.32204 5.35048
5.46356 5.75695
6.14676 5.97498
5.23891 5.67786
6.45506 5.90428
6.14257 5.87357
6.19687 5.28482
6.05158 5.51282
6.33178 5.8008
6.01866 5.62287
5.86931 6.17135
6.23294 5.60539
5.70775 5.4697
6.37018 5.60836
6.07577 5.46181
5.11409 5.9052
5.44292 5.48229
5.84225 5.70895
5.78618 6.20304
5.23495 5.54382
5.661 5.89054
5.5541 5.94486
6.15628 5.43761
5.76255 5.39976
6.18693 6.28187
5.76844 5.15423
5.71056 5.44154
5.82685 5.0895
5.4407 5.43068
6.09325 5.87374
5.95446 5.32723
6.20436 6.28011
5.85709 6.41294
5.43481 5.33804
6.06135 5.97105
5.48074 6.06762
5.31429 5.37461
5.11725 5.5205
6.38392 5.88647
5.39328 5.84891
5.69483 5.88112
5.50547 6.38113
5.51856 5.63241
5.36163 5.57107
5.37579 6.14448
5.19559 5.58476
6.14268 6.12469
5.45221 5.51411
5.80183 6.39527
5.48593 5.298
5.63572 6.35545
5.75806 6.02679
6.04375 6.40758
6.10632 5.57914
5.88589 6.33089
5.6665 5.53638
5.71745 5.08863
5.77388 5.39613
5.98668 5.66393
5.84072 5.94929
5.68382 5.59423
6.24537 5.6762
5.59896 5.74881
5.81668 6.06964
6.08212 5.20535
5.48653 5.38965
6.39765 5.93851
5.85098 6.17668
6.02567 5.67382
5.58712 5.41016
6.40278 5.54688
5.70682 6.09778
5.30625 5.71953
5.34466 5.51669
5.12133 5.61429
5.78857 6.04843
6.36421 5.6447
6.1019 5.40121
5.27383 5.92988
6.10029 5.36212
5.25557 5.52715
6.39227 5.46458
6.2513 5.36025
5.50793 5.27765
6.2072 5.33207
5.52086 6.08427
5.42268 5.44431
5.65739 6.26599
5.61719 6.20807
5.52225 6.19212
5.38657 5.87405
5.55082 6.34269
6.16553 6.15874
5.42318 5.7017
5.42081 5.27209
5.67701 5.45845
5.97017 6.31418
5.14282 5.96695
5.50025 6.28891
5.23526 5.88392
5.756 6.04689
5.79073 5.80214
5.16903 6.05566
6.01735 6.15405
6.16674 6.18995
5.92054 6.01471
5.33705 6.32636
5.95535 5.43788
6.00815 5.81969
5.62532 5.45541
5.43021 5.30104
5.72248 6.07626
5.65134 5.46632
5.29232 5.55192
5.868 5.25454
5.84453 5.48141
5.6362 5.77451
5.61952 5.90497
5.20769 5.64108
5.93289 6.00632
5.38378 6.27998
6.10425 5.64606
5.25808 5.54376
5.52489 5.69092
5.90031 6.27911
6.42374 5.72238
5.45005 6.39219
6.11409 6.25706
6.20091 5.42837
5.55272 5.43013
6.05264 5.33557
6.1539 5.30086
6.10901 2.39751
5.67588 1.97547
5.26927 1.82951
5.25117 2.16542
5.52132 1.81209
5.16015 2.34272
6.08447 1.84127
5.83469 2.34989
5.90445 1.62734
5.06431 2.21578
5.70981 2.38712
6.43699 2.19267
5.33643 2.53202
6.29718 1.98379
5.52306 2.12172
5.11615 2.08496
5.34023 2.74703
6.43187 2.28847
6.44923 2.34189
5.63392 2.77696
6.03148 2.72395
6.11426 2.12332
5.83248 1.87376
6.40348 2.1321
5.7485 1.62262
6.07974 1.9753
6.39269 2.55044
5.72536 2.19932
5.99348 1.79249
5.58204 1.88019
5.3814 1.78102
5.96885 2.26866
5.6047 1.80104
5.18206 2.6174
5.4697 2.51405
6.35262 2.1998
5.11196 2.18222
6.4604 2.11817
5.68862 2.70902
6.01028 2.08213
5.3019 1.83164
6.15248 2.66736
6.27239 2.06837
6.02558 2.45528
5.53839 2.68919
6.11324 2.78908
5.33014 1.8691
6.02525 1.92441
5.42264 2.17128
5.2521 1.82441
5.38715 2.58129
5.97262 2.61932
5.7039 2.64697
5.93117 1.948
6.17124 2.1436
5.82776 1.97917
5.95509 1.8654
5.38174 2.26574
5.74524 2.40895
5.88933 2.03534
6.176 2.47939
5.51271 2.2693
5.1922 2.51457
5.20287 2.11013
5.52218 2.39195
5.61806 2.72397
6.31221 2.14304
6.07317 2.62983
5.73146 2.12929
5.73376 2.12583
5.9653 1.79746
5.58399 1.55643
5.98603 2.68927
5.8518 1.70528
5.80609 2.87124
5.66129 2.75942
6.06032 2.5624
6.31068 2.3558
6.29316 2.17766
5.95999 1.63022
5.15581 1.90267
5.72307 1.67629
5.40205 1.88449
6.13436 2.28556
6.12376 2.19214
5.6903 1.76161
5.27852 2.46586
5.59525 1.67223
6.42497 1.98035
5.36312 1.76267
6.04685 2.46554
5.34894 2.38509
5.76592 2.45887
6.34036 2.10183
5.94678 1.78983
6.3453 1.93825
5.39178 1.65749
6.28582 1.83219
6.02633 2.33812
5.49861 2.59566
5.45645 1.64339
5.46975 2.77863
5.73844 1.67027
5.872 1.73318
6.13428 2.49873
6.34775 1.91548
6.21619 2.39572
5.64634 2.56572
6.3162 2.60993
5.98862 2.35035
6.33874 2.55822
5.59962 2.11592
5.85712 2.87214
5.65638 2.5951
5.32204 1.72665
6.00478 2.36958
5.32474 2.15589
6.27776 2.33311
5.62256 2.64532
5.90207 2.3377
6.40232 2.36704
5.52999 2.89819
5.80248 1.75149
5.54601 2.55729
5.75266 2.7746
5.57216 1.97536
6.0414 1.67289
6.21274 2.72694
6.00545 2.54627
5.28787 2.71899
5.25953 2.14723
5.18357 2.274
5.96596 2.6682
5.55708 2.62702
5.41093 2.17553
5.45503 2.43223
5.51556 2.0528
5.68288 2.75867
5.70384 2.73487
5.69273 2.56011
5.11098 2.2414
6.1594 2.19758
5.07112 2.15081
6.07754 2.7211
5.51098 2.42863
6.14234 2.0897
6.41103 2.3651
5.81986 1.66908
5.73451 2.44796
5.68406 1.64473
5.19759 2.16889
6.37309 2.0711
5.69447 1.65751
5.1174 2.03278
5.52007 2.71378
5.49439 1.87763
5.71389 1.82187
6.01526 2.64913
6.21671 2.45711
5.93933 2.42544
5.93219 2.43102
5.63347 2.8705
5.54638 2.47878
5.20912 2.09808
6.20831 2.54852
5.35961 2.56702
5.36533 1.88887
5.45696 1.84501
6.11383 1.90683
5.8008 2.84608
5.93633 2.5545
5.64028 2.20624
6.14767 2.06198
5.80532 2.72062
6.17062 2.07417
5.98143 1.97646
5.58158 1.88516
6.09666 2.33056
5.96006 2.07784
6.18262 2.29639
6.38096 2.32519
5.14779 2.04846
5.90858 2.64127
5.22281 1.98317
6.12951 1.93131
5.17017 2.47119
5.38602 1.85502
6.1231 2.28402
5.53552 1.80153
5.66515 2.27014
6.40247 2.17141
5.58371 2.75201
5.16846 2.03588
5.85622 1.60252
5.7208 2.58704
5.5006 1.98624
6.25198 2.25405
5.19724 2.61928
6.40526 2.28971
6.08663 2.75868
5.55439 1.81392
6.11984 2.33083
6.30222 1.94944
5.4837 2.34989
5.72919 1.80318
6.06218 1.87527
6.13388 2.31466
5.90264 1.80183
5.17208 2.1013
5.75981 2.43544
6.14865 2.06848
6.30981 2.52504
5.53473 2.47673
5.5804 2.02378
6.24231 2.23886
6.22179 2.04276
6.25351 1.7272
5.41268 1.67243
5.57022 2.47762
5.28356 1.76565
6.11967 2.42564
5.28201 1.98095
6.10869 1.6345
5.53359 2.06246
6.05954 1.73148
5.67117 2.69809
5.72272 1.8681
5.11034 2.25159
6.13173 1.86082
6.32968 1.93277
6.19978 2.75495
6.30175 1.83773
5.31963 2.13812
5.2678 2.0187
5.93974 2.77471
5.92782 2.46099
6.38453 2.00358
5.57934 2.4405
6.07277 2.56629
6.34198 1.8603
6.35242 1.91648
5.64868 1.65541
5.35931 2.21349
6.20862 2.42626
6.14498 1.69308
5.23051 1.84253
6.43587 2.17481
5.61494 1.80922
5.74833 2.24085
5.69125 2.66726
6.19 2.73819
5.37905 1.70373
5.84213 1.88623
5.86246 1.92617
5.89686 2.74665
5.40141 1.70956
5.19773 2.03377
5.19874 1.97767
6.40788 2.30071
5.73423 2.15598
6.21855 2.43374
6.08157 1.79116
5.30187 1.87861
5.53731 2.52196
5.6577 1.90089
6.18896 2.42408
5.47006 2.14591
5.6944 2.30596
6.10812 1.85654
5.79076 2.02209
5.92105 2.42188
6.33768 2.09531
5.78178 1.96514
5.89864 1.89818
5.58451 2.17362
5.38597 2.42679
5.4155 1.81226
5.63002 1.74474
5.48572 2.431
5.91765 2.92193
5.24936 2.37596
5.26663 1.74655
5.77858 2.42645
6.15084 1.72853
6.03981 2.15247
5.56336 1.81819
5.49884 2.67581
5.1779 2.05013
6.0416 1.91609
5.73331 1.99825
5.89001 1.90213
5.85371 2.2538
5.62182 1.66673
6.34005 2.19655
5.67101 2.86127
5.35646 2.6414
5.97663 2.42853
5.09937 2.07747
5.35911 2.38962
6.27655 2.57166
5.26932 2.37154
5.15027 2.19135
5.51049 1.90988
5.20036 1.88892
5.39453 2.54412
6.01015 2.20456
5.80046 2.82877
6.19001 1.80786
5.64565 1.69673
5.4637 2.01998
6.13582 1.93646
5.7533 2.1285
5.87893 2.61316
5.13743 2.45499
6.15127 2.67423
6.21182 2.15588
5.06561 2.14714
5.56954 2.75996
6.24242 2.51203
5.43006 2.69322
5.8141 1.80198
6.05294 2.78118
5.68482 2.11274
5.28071 1.81984
5.67387 2.76613
5.56934 2.08448
5.42188 2.11212
6.17731 2.6059
5.9345 2.40216
6.07052 1.7868
5.90405 2.09123
5.80617 2.16252
5.26202 2.33879
6.27038 1.78624
5.44122 2.23373
5.57311 1.96914
5.78245 2.28
6.06348 2.21636
5.66975 2.6833
5.33113 2.7195
5.4952 1.60926
6.01339 2.75174
5.63675 1.69769
5.98543 2.3958
6.36284 2.51454
5.89752 2.33437
5.83882 1.77567
5.2869 2.43145
5.65724 1.82483
5.76381 2.51721
6.26641 2.52105
5.7313 2.56829
5.15593 2.03254
5.87258 2.3969
6.22572 1.77758
5.93686 2.53519
5.27484 2.13697
5.11491 2.11379
5.76461 2.42294
5.25633 2.28448
5.27025 2.38887
5.64486 2.11789
6.01661 2.43807
5.55486 1.9646
5.46173 1.86762
6.4681 2.31411
6.32193 2.17002
5.80217 2.53789
6.08353 2.65303
6.18436 1.93156
5.9089 2.84586
5.48194 1.95011
5.9909 2.18805
6.34394 2.21483
5.26181 2.18773
5.48187 2.26484
6.20246 2.04262
5.90321 2.82779
6.43835 2.3305
5.41145 2.03707
5.92104 2.62425
5.9375 1.66419
5.56306 1.89374
6.07699 1.8392
5.26676 1.7611
5.99585 1.59904
5.89047 1.88742
6.09157 1.95202
5.98123 2.23674
5.83704 2.29606
5.11554 2.09129
6.37247 1.94399
5.61448 2.28815
5.19259 2.54417
5.74929 2.77755
5.38118 2.20963
6.2229 2.307
5.41532 2.4172
5.80652 1.90485
5.4635 2.6411
2.73335 6.21558
1.73828 6.09067
2.50744 5.3488
2.67572 5.31917
2.25881 5.61607
1.61558 5.80407
2.43655 5.19822
2.69017 5.36288
1.83721 5.39952
2.50888 6.10546
2.74033 5.89701
1.54431 5.87461
2.04892 5.14986
2.1786 5.73457
2.35487 5.30488
2.82554 5.60783
2.3898 6.45146
2.29326 5.4653
1.60393 5.91705
1.95305 5.23934
2.40683 5.53633
2.37067 6.164
2.2501 5.20744
2.01385 6.21495
2.06358 5.65374
2.4803 5.49976
2.13117 5.32291
2.31843 5.18156
2.39823 6.29261
1.83856 6.29891
2.7515 6.06026
2.25071 6.468
2.16043 5.74719
1.72063 5.50884
1.94534 6.09932
2.48111 5.98053
2.46522 5.80249
2.37315 6.26656
2.22503 5.49712
1.71111 5.89418
1.73109 5.5542
2.21759 6.39562
2.09863 5.42824
1.92033 5.91871
2.01587 5.22158
1.96528 5.26959
1.84192 6.1804
2.80218 5.49563
1.69597 5.66863
2.13394 5.94767
2.86739 5.77185
2.06522 5.88397
2.03864 6.03675
1.55987 5.89948
2.24471 6.43544
2.29222 6.10088
2.44927 5.34358
2.05543 5.36808
1.54156 5.81226
2.66538 5.74137
1.87465 5.45748
2.23144 5.34734
2.45651 6.32364
2.28925 5.59494
2.85864 6.04955
2.58792 5.96961
2.55444 6.37577
2.09601 5.22332
2.06021 5.89237
2.62283 5.35718
2.01513 6.18054
2.41757 5.5967
2.9205 5.81658
2.20084 6.08759
1.93768 6.34998
2.26581 5.22758
2.35709 5.84961
2.15041 5.2165
2.57714 5.24688
2.23187 5.57378
1.74237 5.58318
2.43584 6.28071
2.68652 5.81227
2.17502 5.71762
2.43076 5.51619
2.09396 6.02887
1.61974 5.4311
2.59864 5.33758
1.7432 5.37299
1.62959 5.69078
2.07054 5.74932
2.35048 5.427
2.31298 5.93905
2.07295 6.0611
1.95886 5.95822
2.13188 6.24395
2.4583 6.13019
2.46087 6.04803
1.91729 5.28068
1.87124 5.905
2.86375 5.9959
2.38228 6.09802
2.43708 5.9629
2.75796 5.72719
2.27966 6.04481
2.80427 5.69735
1.70911 6.09637
2.00386 6.08264
2.0991 5.08585
2.59934 5.60703
2.59383 5.68906
2.2136 5.20984
2.37539 5.13996
2.02671 6.02725
1.90681 6.39214
1.93531 5.86075
2.52264 6.37944
2.27866 6.31413
2.31878 6.07225
2.48692 6.09008
2.42705 5.55244
1.88454 5.16695
2.04708 6.02781
1.55226 5.71729
2.22284 5.09964
1.67291 6.09273
2.00272 5.26459
2.53931 5.92095
2.51198 5.17036
2.37055 5.08748
1.61491 5.78254
2.66506 5.91698
2.32824 5.37263
2.18513 5.16319
2.69724 5.88306
1.88698 5.99199
2.66627 5.21017
2.11648 5.23933
2.03751 6.00748
2.27269 5.33172
2.41457 6.31107
2.09638 5.57022
2.55347 5.9071
2.5084 5.37875
2.21777 5.12905
2.43084 6.0254
2.58425 6.30141
1.78378 6.12485
1.87014 6.17748
2.41587 5.82491
2.45612 5.51874
2.59284 6.09695
2.6783 5.88162
2.31578 6.26397
2.15856 5.88743
1.70726 5.3675
2.29374 5.58625
2.48767 5.66286
2.697 5.82165
2.10735 5.86869
2.77429 5.59917
2.80497 5.73369
2.18613 6.00265
2.08233 5.15273
1.9712 5.52818
2.58499 5.67989
1.7215 6.02758
2.31446 5.93869
2.35492 5.7115
2.34613 5.11794
2.1036 5.20174
2.61094 5.36551
1.86731 5.62564
2.52746 6.23779
1.97935 5.86466
2.03328 5.54697
2.58797 5.22693
1.68147 5.94934
2.05258 6.35553
1.53439 5.70742
2.49124 5.51728
1.87283 6.14236
2.32435 6.15943
2.45676 5.90663
1.93047 6.30316
2.35251 6.30472
2.22532 6.44628
2.34309 6.28459
2.11425 6.16704
1.91359 5.48451
2.42334 6.02642
2.42192 5.60274
1.97297 5.50634
2.04932 5.60522
2.59824 6.24268
2.04891 6.22324
2.56996 6.38402
1.65683 5.87628
1.8123 5.50809
2.5977 6.17419
2.8015 6.04479
2.18185 5.51625
1.79005 6.15766
2.73949 5.84894
2.14005 5.15028
2.51063 5.98489
1.64102 6.12438
2.11901 5.97815
2.53055 5.13733
2.12902 6.19871
2.40987 5.6066
1.76554 5.51403
1.62398 5.78095
2.89827 5.57968
1.77734 5.23315
1.92489 5.66868
2.52981 5.44896
2.14844 5.85408
2.25035 5.73664
2.14557 5.95329
1.80347 6.24228
2.42227 6.43549
2.22658 5.64765
2.69884 5.50623
2.88095 5.61631
1.8875 5.18953
1.58664 6.00946
2.24708 5.88046
2.16048 5.67758
2.92074 5.791
1.95286 5.80618
2.17388 6.08856
2.86567 5.65961
2.84332 5.6905
2.30042 5.5683
1.96756 5.3487
2.05403 5.57914
2.50551 5.7873
2.57275 6.07893
2.33694 5.10801
2.88011 6.05055
1.69314 5.77409
2.0156 5.84768
1.89263 5.8123
2.085 6.34816
2.49113 5.47285
2.46397 5.74061
2.58525 6.2491
1.64737 5.71137
1.80419 6.1193
1.73938 5.6454
2.18502 6.41058
1.58761 5.83817
2.00225 6.28039
2.01402 6.36572
2.541 5.66434
2.0583 6.32827
2.468 5.96095
1.89559 6.25605
1.8463 5.3569
2.06185 6.01246
2.34333 5.21881
2.64724 5.648
2.22487 5.31927
2.17768 6.09703
2.63829 6.30538
1.69753 5.38282
2.54321 5.96453
2.08188 5.84348
1.55422 5.81222
1.60631 5.76155
2.04454 5.2683
1.84399 5.23985
2.87253 5.66417
2.18376 6.44366
2.91072 5.83225
2.38495 6.0379
2.44431 6.08227
1.57148 5.93036
1.64398 5.47792
2.39919 5.55697
2.33885 5.90678
1.8573 5.21725
2.51667 6.26114
1.77603 6.15974
2.68095 5.25491
1.77586 6.15292
1.74269 5.72468
2.04205 5.54443
2.63148 5.83313
2.1392 5.34159
1.92982 5.53058
2.2237 5.35369
2.2265 5.9892
2.31743 6.13063
2.4809 6.34521
2.0082 5.35066
2.71722 6.1824
2.24772 5.76491
2.74151 5.94833
1.96942 5.74745
2.87194 5.67625
2.1639 5.08918
2.79472 6.01113
1.55854 5.8589
2.19029 5.74888
1.68336 5.85374
1.95622 5.38722
1.99121 5.13388
1.97685 5.14935
2.7461 5.6767
2.60266 6.27517
1.78839 5.62971
2.21881 5.46478
1.63348 5.96785
1.9108 5.27921
2.16391 5.73714
2.7583 5.52592
2.38246 5.35548
2.51811 6.08555
2.35134 5.50938
2.649 5.61717
2.72825 5.89613
1.90845 5.40193
2.64508 5.51263
2.35026 5.83462
2.77327 5.45444
2.86251 6.03259
2.52152 5.62322
1.90603 5.21486
2.20658 6.17307
1.93557 5.94659
1.87473 6.25765
1.87133 5.25473
1.88531 6.02416
2.40739 5.50009
2.23049 5.36245
1.98019 5.41936
2.07971 6.24685
1.65445 5.74019
1.71113 5.68645
2.78829 6.04383
2.08549 5.26879
2.75201 5.59853
2.08562 5.37854
1.68454 6.18257
2.19423 5.58173
2.13163 5.23198
2.4369 6.05859
1.66177 5.73639
2.86715 5.95264
1.83772 6.13159
2.6056 5.30364
2.60794 5.98567
2.57047 5.49495
2.17945 5.70371
2.01441 5.20122
2.78659 5.95809
2.46308 5.63974
2.15193 6.44941
2.51297 5.64505
1.92589 5.45826
1.94791 6.40378
2.24185 5.61355
2.16 5.58599
2.01736 5.61766
2.81041 6.03078
2.15178 5.49551
2.34647 5.91076
2.36839 5.42149
1.95454 5.27669
2.18496 5.46056
2.16798 5.27457
2.6656 5.71134
2.41277 5.18712
2.34303 6.39235
1.71368 6.20005
1.94768 5.53743
2.13094 5.64049
2.26439 6.15887
2.29316 6.06519
2.72338 6.00489
2.74714 6.03845
2.74202 5.76431
2.68473 6.22004
2.46121 5.31484
2.11438 5.35199
2.29355 6.37868
1.69548 5.47498
2.22113 5.88886
1.75262 5.41454
2.65388 6.18201
1.88397 6.36308
2.59443 6.08301
1.82725 5.41377
2.13274 5.49183
2.6718 5.92553
2.11 6.0464
2.05608 6.1702
1.95565 5.14778
1.94968 1.70567
2.00534 2.11985
2.34873 1.81782
1.80386 1.76077
1.9824 1.61531
1.90384 2.01098
2.42149 1.91917
2.12446 1.59878
2.80096 2.55692
1.87299 1.82978
1.93804 1.69039
2.21101 2.73257
1.75282 1.99745
2.33261 2.23974
1.99895 2.26819
2.53731 1.87381
2.57532 2.40718
2.75475 2.61095
2.25799 2.54735
2.52428 2.73283
2.55934 2.2302
2.30071 1.79928
2.69325 2.41852
1.94641 2.48409
1.62798 2.3465
2.53665 2.78288
2.70647 1.94778
1.73935 2.5639
2.27391 1.55981
2.19782 1.60054
2.83587 2.3455
2.28095 2.37525
2.8402 2.0964
2.50989 2.56227
1.67488 2.34848
2.02511 1.95695
2.63843 2.50835
2.52828 2.06762
2.51019 2.26385
1.98533 2.1476
2.74821 2.21877
2.10868 2.5703
2.53568 2.11064
2.29893 2.05146
2.314 2.80973
2.48905 2.62643
2.47009 1.78195
1.73734 2.07701
1.75657 2.13623
2.449 2.74352
2.26366 1.74949
2.7723 2.00658
2.74402 2.02322
2.09434 2.24454
2.42372 2.49435
2.11014 1.92892
2.00797 2.4009
2.2824 1.85968
2.34401 2.4428
2.66063 1.77575
1.80173 2.41819
2.63066 2.79126
1.54336 2.11282
2.67115 2.24962
1.98815 2.736
2.41127 2.17909
2.22854 1.96163
2.63051 2.1619
1.95673 2.71115
1.93197 2.8288
1.83916 2.13416
1.89363 2.4169
2.1872 2.17114
2.53446 2.59565
1.90748 1.68998
2.65175 1.86155
1.94598 2.22509
2.05492 2.02206
2.45395 2.65652
2.77015 1.89034
2.74413 2.09667
2.35485 1.64819
2.27753 1.8071
2.4702 2.82144
1.66458 1.88197
1.58465 2.07197
2.18701 2.62211
2.63713 2.4519
2.02285 2.31896
2.07305 1.77392
1.97183 1.76272
2.7264 2.30489
1.94194 1.81776
1.84314 2.4451
2.47133 1.85725
2.01171 2.19541
1.70049 2.66696
2.06762 1.6385
2.29006 2.038
2.48787 2.8368
2.24769 2.88828
2.36361 1.80546
2.02335 1.98254
1.9341 2.03422
2.11064 1.70524
2.39558 2.61972
2.04329 2.54839
2.66556 2.73612
2.33525 2.41475
2.22911 2.71526
2.75385 2.62945
1.87195 2.1173
2.43585 1.93956
2.25992 1.71028
2.08658 1.64084
1.75044 2.58628
1.96934 2.62221
2.28576 2.67721
1.78096 2.15863
2.49189 2.30402
2.01552 2.01152
2.52066 2.11962
1.72801 2.55014
2.00926 2.03718
1.78972 2.65195
2.54468 1.99729
2.35103 2.2248
2.82756 2.06677
2.14065 2.32867
2.20357 2.57876
2.19298 2.76335
1.7629 1.92006
1.9197 2.46969
1.99546 2.51981
2.26172 1.53803
2.31786 2.89941
1.8807 2.56064
2.52866 1.88679
1.89098 2.19019
2.50843 2.88374
1.79927 2.56921
2.15259 2.11301
2.74757 2.64441
2.08113 1.99401
2.45388 2.78417
2.89853 2.18298
1.78758 1.97744
2.71336 2.27615
2.10915 2.71357
2.17488 2.48424
2.2933 1.88718
1.83075 2.61803
2.46625 2.33226
2.03325 1.8462
2.86336 2.0649
2.1544 2.51799
2.36153 2.37737
2.2286 2.7955
1.71998 2.35599
2.08356 2.88422
2.30272 1.91719
1.91083 2.3905
1.67408 2.45624
2.07284 1.91826
1.84434 2.71179
1.88657 1.69839
2.17824 1.99951
2.16345 2.09063
2.70168 2.5377
2.39755 2.27729
2.00458 1.88376
2.28129 2.56098
2.84314 2.51116
2.00552 2.01994
2.02326 2.0351
2.76968 2.22942
2.60309 2.82496
2.35773 2.82114
2.30971 2.40787
2.7278 2.10757
2.21544 2.09435
2.3117 1.92342
2.46403 2.2018
2.35419 2.15727
1.80705 1.95722
1.95107 2.01599
1.73659 2.47496
2.43402 2.27943
1.69233 2.27274
2.2677 1.91908
2.07486 2.51533
1.97908 2.61264
2.25486 2.57841
1.69122 2.15261
2.37374 1.88285
2.53648 2.25089
2.60884 1.69115
2.1369 1.60685
1.92682 2.27935
2.43853 2.17744
2.23545 2.57567
2.28115 1.62452
2.43337 2.41888
1.83028 1.89492
1.88373 2.68174
2.55847 1.67241
2.64858 2.77984
2.71306 2.41585
2.33727 2.11597
2.32993 1.66784
2.49908 2.83771
2.19276 2.70483
1.80731 2.4165
2.77603 2.56264
2.71923 2.65727
2.04334 1.9447
2.34355 2.00756
2.25423 2.02578
2.5095 1.65706
2.88761 2.30218
2.67344 1.75514
2.04447 2.81766
2.44883 2.32369
2.52063 1.67049
2.53556 2.09918
1.92393 2.5374
1.65701 2.51396
2.36649 2.64452
2.22192 2.10766
2.54574 1.68916
2.67742 2.24125
1.88187 2.02087
1.66025 2.36131
2.43496 2.07511
2.84875 2.46312
2.10108 2.85596
1.7972 2.03176
2.5116 2.27692
1.62289 2.0606
2.48354 2.08758
2.00366 2.44229
1.57424 2.41313
1.91229 2.19723
1.7586 2.64931
2.19903 2.33544
2.25181 2.40296
1.66013 2.63354
2.36578 2.35757
2.54533 2.39278
2.14027 2.08809
2.38783 1.64608
1.85935 2.13287
2.30604 2.73859
2.43588 2.16936
2.34593 2.79355
2.68164 2.45066
2.76025 1.89424
2.19898 2.87895
2.60779 2.48308
1.80204 2.37086
2.89889 2.00071
2.684 2.51474
2.39134 2.7381
1.7487 2.66944
2.08925 2.11874
2.6329 2.40393
2.57213 2.49703
1.76855 2.35255
2.92165 2.21274
2.38755 2.64444
2.20825 2.68865
2.67387 1.75053
2.86722 2.16234
1.8108 2.70159
1.94896 2.61486
2.63601 1.71567
2.63128 1.9736
2.58876 2.63188
1.67962 2.51447
2.41859 1.87865
2.61827 2.07018
2.81098 1.86526
2.16631 2.62345
2.35842 2.38926
2.16864 2.27962
1.76957 2.42495
2.81026 1.97775
2.47198 2.70382
2.29584 2.81352
2.53182 2.45212
1.74881 2.12083
2.89952 2.31228
2.03584 2.65967
1.91245 2.14862
2.05177 2.40093
1.53728 2.14893
2.23101 2.03781
2.34609 1.65662
2.23027 2.29428
2.13364 2.39872
2.35305 1.92355
2.74417 2.57837
2.58546 2.69183
2.17245 1.9558
2.53136 2.78829
2.42938 1.9295
2.31845 2.02204
1.8636 2.16809
1.68511 2.47829
2.57377 2.65179
2.63074 2.17227
2.88109 2.09928
1.92139 2.28415
2.41805 2.52236
2.24659 2.81898
2.30921 1.94936
2.37684 1.72683
2.10158 2.73668
2.42475 2.41301
2.82189 2.36309
2.69479 2.58342
1.74174 2.02378
2.37185 2.85433
2.70356 2.69955
2.14385 2.50461
2.38867 1.95687
1.95438 2.41381
2.77818 1.90883
2.07595 2.11486
1.75989 2.59832
2.05581 1.55074
2.54939 1.9194
2.65794 2.62842
2.35058 2.87211
1.54266 2.37314
2.42389 1.79879
2.08101 2.35978
1.97018 1.60475
2.46432 1.77777
2.33724 2.08309
1.80612 2.54049
2.10094 2.32921
2.32216 2.26563
2.0117 2.4181
2.44999 2.35181
2.54596 1.67904
1.94696 1.91326
2.16752 1.97404
2.57848 2.43902
2.27203 2.45921
2.4109 1.5547
2.23283 2.17505
2.73129 1.90706
1.9003 2.07677
1.99825 1.83646
2.3613 2.8204
1.94328 2.19635
2.44562 1.66549
2.09416 1.84637
1.63963 2.19871
2.14361 2.88006
2.28216 2.18816
2.01657 1.76561
2.35771 1.79143
2.55529 2.47575
2.85959 2.31768
2.74697 2.28165
1.88229 1.87164
2.63697 2.43531
2.53035 2.44251
1.94502 2.27084
2.58155 1.86768
2.18635 2.08783
2.25649 2.24497
2.54713 1.62851
2.5583 1.90739
2.52472 2.7512
2.24985 2.23522
2.78474 2.59018
2.10326 2.40222
2.3473 2.74248
1.64205 2.12167
2.24272 1.86137
1.89644 2.59268
1.88462 2.04934
2.81876 2.58776
2.40729 2.43819
2.54443 2.32316
2.62245 2.2409
1.91221 2.12224
2.3512 2.56427
1.977 1.8889
1.65525 2.03643
2.78412 1.88895
1.71423 2.0906
2.38445 1.76665
1.88214 1.74956
2.2963 2.6146
2.51412 2.0016
2.70646 2.19922
