1 2.33869 2.70684
1 2.00634 2.7129
1 2.30877 2.77452
1 2.40362 2.70053
1 2.27168 2.67657
1 2.28631 2.84242
1 2.30807 2.80902
1 2.3096 2.86982
1 2.44483 2.67968
1 2.34079 2.86357
1 2.32212 2.81889
1 2.26719 2.77438
1 2.3092 2.73104
1 2.20501 2.76838
1 2.2503 2.60767
1 2.35618 2.90641
1 2.52361 2.83768
1 2.35233 2.66279
1 2.16534 2.61986
1 2.32432 2.75614
1 2.28503 2.81406
1 2.34141 2.84086
1 2.41616 2.74589
1 2.31951 2.50874
1 2.14204 2.65091
1 2.28665 2.5895
1 2.45332 2.82942
1 2.30556 2.71236
1 2.4002 2.88745
1 2.41136 2.64887
1 2.35715 2.63922
1 2.31975 2.55996
1 2.25967 2.5352
1 2.33725 2.59703
1 2.38614 2.52919
1 2.19499 2.66052
1 2.42271 2.87654
1 2.37609 2.71511
1 2.41512 2.63846
1 2.14944 2.80432
1 2.3179 2.58588
1 2.24467 2.63491
1 2.36559 2.68103
1 2.25591 2.66477
1 2.29371 2.75004
1 2.18391 2.80125
1 2.40313 2.82239
1 2.22788 2.67395
1 2.3178 2.78906
1 2.33681 2.70312
1 2.27707 2.50627
1 2.21023 2.81767
1 2.36003 2.74464
1 2.31713 2.60745
1 2.3001 2.77148
1 2.19555 2.55065
1 2.46147 2.67252
1 2.51993 2.63876
1 2.26005 2.64724
1 2.19185 2.67285
1 2.45318 2.64525
1 2.2623 2.60892
1 2.46359 2.74217
1 2.38256 2.76525
1 2.53784 2.74445
1 2.22074 2.57169
1 2.36206 2.74323
1 2.22698 2.71329
1 2.36087 2.72643
1 2.4175 2.8479
1 2.29033 2.81324
1 2.26162 2.53635
1 2.32168 2.58848
1 2.35859 2.71006
1 2.37768 2.70173
1 2.26998 2.71459
1 2.25891 2.84557
1 2.28592 2.80253
1 2.24976 2.61585
1 2.36084 2.64076
1 2.30997 2.72248
1 2.40109 2.912
1 2.26595 2.8566
1 2.36619 2.91785
1 2.47557 2.60293
1 2.37751 2.75115
1 2.33439 2.78376
1 2.36861 2.8899
1 2.30613 2.58518
1 2.47328 2.70286
1 2.40516 2.78968
1 2.46444 2.58568
1 2.27444 2.66762
1 2.43845 2.75061
1 2.19228 2.65541
1 2.32428 2.57812
1 2.36968 2.66898
1 2.40411 2.74068
1 2.45526 2.75051
1 2.36062 2.47528
0 1.61034 1.22765
0 1.77172 1.07387
0 1.56551 1.12013
0 1.70626 1.28278
0 1.60711 1.05729
0 1.62146 1.15522
0 1.58874 1.06872
0 1.74641 1.24787
0 1.56285 1.31106
0 1.64719 1.15039
0 1.55888 1.05051
0 1.47465 1.24087
0 1.71579 1.0727
0 1.66002 1.45482
0 1.65666 1.28082
0 1.77444 1.17568
0 1.70706 1.16366
0 1.78415 1.21798
0 1.74237 1.15176
0 1.71991 1.25256
0 1.5476 1.16471
0 1.58245 1.13301
0 1.75335 1.4001
0 1.45727 1.31159
0 1.6401 1.26691
0 1.46213 1.40023
0 1.55383 1.26054
0 1.79287 1.28063
0 1.50155 1.39598
0 1.62311 1.25807
0 1.53206 1.11239
0 1.58436 0.98387
0 1.55009 1.10477
0 1.78347 1.27874
0 1.71547 1.30263
0 1.65479 1.39756
0 1.70296 1.11336
0 1.46666 1.2554
0 1.50455 1.27716
0 1.32722 1.32574
0 1.68038 1.23617
0 1.58103 1.20156
0 1.5356 1.16531
0 1.66705 1.09008
0 1.5121 1.12325
0 1.44828 1.23615
0 1.56314 1.26564
0 1.57045 1.22601
0 1.64343 1.09712
0 1.52657 1.24724
0 1.65943 1.1352
0 1.64628 1.03974
0 1.5067 1.29489
0 1.56614 1.27532
0 1.4751 1.06712
0 1.61619 1.16759
0 1.63846 1.31456
0 1.60472 1.1567
0 1.66546 1.0911
0 1.53433 1.20482
0 1.82004 1.26206
0 1.722 1.23713
0 1.51539 1.30643
0 1.45298 1.15144
0 1.77105 1.21413
0 1.75962 1.09809
0 1.52977 1.29283
0 1.6833 1.16651
0 1.53528 1.1258
0 1.41842 1.4074
0 1.64065 1.247
0 1.54555 1.24806
0 1.48087 1.23984
0 1.58264 1.24393
0 1.67128 1.28034
0 1.7961 1.13227
0 1.64612 1.25368
0 1.45932 1.40895
0 1.62247 1.36016
0 1.41344 1.3317
0 1.67371 1.23426
0 1.69215 1.18039
0 1.61894 1.19973
0 1.67599 1.28851
0 1.56698 1.0832
0 1.69061 1.26641
0 1.51966 1.19244
0 1.52639 1.30284
0 1.52293 1.09511
0 1.62233 1.198
0 1.67374 1.39126
0 1.75874 1.2216
0 1.47416 1.24138
0 1.77379 1.09105
0 1.50122 1.27198
0 1.6361 1.14417
0 1.61438 1.04973
0 1.67764 1.13819
0 1.4878 1.20802
0 1.68397 1.13281
1 1.44124 1.63185
1 1.36942 1.58509
1 1.3116 1.57137
1 1.31811 1.54623
1 1.45926 1.66752
1 1.50368 1.5766
1 1.36793 1.4393
1 1.49207 1.54029
1 1.46991 1.59253
1 1.61749 1.55529
1 1.42438 1.65773
1 1.50495 1.72616
1 1.44847 1.53351
1 1.41654 1.55079
1 1.49513 1.71107
1 1.40722 1.49869
1 1.30578 1.79532
1 1.43782 1.74965
1 1.50399 1.62289
1 1.43025 1.68649
1 1.38978 1.49956
1 1.50425 1.57925
1 1.47046 1.69471
1 1.40867 1.48096
1 1.23527 1.52748
1 1.38904 1.62179
1 1.53113 1.58777
1 1.43451 1.82676
1 1.56824 1.54685
1 1.53652 1.7829
1 1.58902 1.69261
1 1.53071 1.68085
1 1.39796 1.56451
1 1.37936 1.52718
1 1.3219 1.60087
1 1.44739 1.66119
1 1.37063 1.37467
1 1.3512 1.76984
1 1.44916 1.56714
1 1.41595 1.61291
1 1.32367 1.61176
1 1.3288 1.50647
1 1.38314 1.5846
1 1.42654 1.73747
1 1.52877 1.56918
1 1.50092 1.60994
1 1.38306 1.63428
1 1.38627 1.63008
1 1.2835 1.50551
1 1.59339 1.54372
1 1.33814 1.68696
1 1.60926 1.71449
1 1.52142 1.60371
1 1.58846 1.66316
1 1.27745 1.63131
1 1.51184 1.44406
1 1.4332 1.76321
1 1.73505 1.59312
1 1.49437 1.56451
1 1.31915 1.60308
1 1.30206 1.71935
1 1.43777 1.40095
1 1.43492 1.64313
1 1.4722 1.53174
1 1.39861 1.59598
1 1.55451 1.52029
1 1.49813 1.8033
1 1.35599 2.00115
1 1.46563 1.70571
1 1.31402 1.63352
1 1.37445 1.55063
1 1.36116 1.64146
1 1.42514 1.61061
1 1.57198 1.67576
1 1.45827 1.61499
1 1.64132 1.52751
1 1.43972 1.57912
1 1.41097 1.46165
1 1.359 1.66795
1 1.63125 1.55416
1 1.48932 1.6873
1 1.49165 1.62461
1 1.47034 1.72039
1 1.44029 1.66858
1 1.31063 1.69833
1 1.44913 1.67352
1 1.58302 1.58265
1 1.48539 1.44816
1 1.56193 1.5182
1 1.3276 1.6281
1 1.33708 1.58847
1 1.44381 1.73296
1 1.21867 1.78245
1 1.41756 1.60005
1 1.40814 1.64055
1 1.44214 1.66689
1 1.42936 1.5513
1 1.49271 1.7092
1 1.61541 1.50918
1 1.30793 1.63383
0 3.06602 3.42306
0 3.09141 3.60025
0 3.07848 3.35244
0 3.21264 3.33075
0 3.1259 3.41956
0 3.14621 3.2779
0 3.11023 3.33949
0 2.96211 3.34497
0 2.98893 3.39304
0 2.88046 3.24493
0 3.04141 3.36689
0 3.14513 3.51133
0 3.17868 3.3893
0 3.10779 3.35555
0 3.04367 3.48977
0 2.93187 3.37846
0 3.19375 3.5454
0 2.89357 3.49332
0 3.19919 3.43849
0 3.10151 3.42859
0 3.02117 3.4064
0 2.9637 3.29321
0 3.07614 3.50852
0 3.04307 3.31673
0 3.12974 3.39022
0 3.05152 3.58772
0 3.01971 3.45037
0 3.06535 3.40204
0 2.84185 3.33286
0 3.13968 3.46311
0 3.24092 3.34941
0 3.24124 3.3516
0 2.97742 3.47942
0 3.14581 3.55048
0 3.04553 3.50316
0 3.24556 3.58808
0 3.07957 3.32458
0 2.92237 3.3206
0 2.97956 3.46378
0 3.25954 3.42719
0 3.08676 3.31879
0 3.06713 3.51029
0 3.04046 3.31327
0 3.1673 3.32539
0 3.11398 3.45663
0 3.07517 3.53404
0 3.18752 3.2461
0 3.13673 3.39886
0 3.295 3.47008
0 3.12869 3.50132
0 2.95996 3.37428
0 2.99209 3.47448
0 3.16419 3.41274
0 3.06059 3.31145
0 2.9977 3.47591
0 2.94657 3.53146
0 3.28236 3.32919
0 2.99862 3.51041
0 3.15641 3.37228
0 3.03587 3.37575
0 3.13158 3.32435
0 3.08734 3.58232
0 2.92663 3.38734
0 2.97259 3.54855
0 2.89617 3.38418
0 2.90271 3.51321
0 2.97568 3.28441
0 3.19739 3.4211
0 3.24863 3.33492
0 3.18143 3.44785
0 3.15794 3.43082
0 2.96394 3.35627
0 3.10046 3.31353
0 2.91392 3.47703
0 3.11726 3.53572
0 2.98563 3.58611
0 2.89752 3.58805
0 2.99207 3.39151
0 3.04502 3.49973
0 3.01383 3.5367
0 3.06067 3.45286
0 2.96925 3.3038
0 2.93192 3.41012
0 3.1339 3.42687
0 3.053 3.52302
0 3.07429 3.40486
0 3.07658 3.43516
0 3.16363 3.34099
0 2.98116 3.53217
0 3.27797 3.36453
0 3.12227 3.40955
0 3.14404 3.38184
0 3.13438 3.46407
0 3.2024 3.38799
0 2.98671 3.58853
0 2.98837 3.45492
0 3.17261 3.36742
0 3.05285 3.33032
0 3.11554 3.51981
0 3.15256 3.673
